V=[-21.3 -19.38 -17.14 -15.23 -12.92 -10.84 -8.89 -7.13 -4.69 -2.3 0 0.66 0.68 0.70 0.71 0.72 0.73 0.74 0.75 0.76];
I=[-20 -18 -16 -14 -12 -10 -8 -6 -4 -2 0 5 10 15 20 25 30 35 40 45];

